114.510
34.384
561.056
267.989
321.456
658.724
1151.625
2275.888
12.970
39.484
15.939
6.835
14.031
202.207
181.278
597.553
661.037
424.138
130.828
121.785
716.444
1098.340
1128.274
694.314
695.668
657.992
514.237
62.749
14.861
148.296
109.879
430.836
27.276
620.908
108.273
139.864
388.545
566.654
1446.779
139.171
738.398
1516.676
368.426
454.894
429.324
203.771
360.203
380.436
187.295
118.681
1201.739
1007.535
861.966
93.603
567.553
631.582
92.924
310.089
735.237
570.558
763.733
338.934
83.007
127.594
121.683
365.910
526.604
1736.926
621.812
164.075
178.193
249.370
143.925
556.114
485.540
663.586
33.943
452.564
289.017
0.821
543.710
511.487
242.477
198.615
54.324
616.079
656.972
1404.308
358.835
132.952
418.742
1352.971
1194.413
724.724
844.441
1256.103
226.710
658.284
236.964
1103.031
1659.117
411.796
77.569
44.524
294.364
42.775
260.539
863.944
5.920
1209.664
93.553
577.528
148.343
893.913
423.795
19.683
243.148
119.114
255.698
123.420
733.694
121.904
1697.000
182.155
223.052
672.404
206.640
881.137
225.876
48.200
339.406
498.801
188.459
1622.144
695.163
478.508
2221.171
42.028
1367.872
872.032
222.931
39.718
1662.577
108.931
689.452
44.080
610.350
1465.423
1064.975
294.629
576.789
1748.266
190.480
1374.514
942.616
194.076
51.460
1130.534
61.530
89.309
3444.828
1014.825
634.061
2815.071
1228.686
609.437
392.528
65.080
424.916
504.591
22.257
640.103
5.827
959.765
322.329
485.616
675.288
553.095
1399.971
85.110
318.932
1784.206
622.177
1034.033
1545.319
215.377
140.284
401.440
351.125
704.206
653.018
912.194
134.291
74.222
27.794
349.294
231.385
3.864
500.577
235.180
268.064
543.675
359.166
56.058
94.779
29.804
26.917
444.623
167.276
594.048
18.825
108.063
391.037
103.240
319.650
700.679
110.412
54.456
1891.278
799.846
1109.491
49.414
1362.158
999.830
440.270
855.561
328.205
131.888
16.134
378.978
237.614
35.497
216.925
66.892
48.985
979.358
11.267
26.640
421.060
1080.004
110.063
257.014
950.037
217.270
1245.426
1562.322
87.515
182.637
136.376
257.848
1630.483
345.255
218.441
313.077
154.290
3139.467
830.417
10.497
50.335
423.517
1384.233
5.064
483.102
600.665
621.304
1602.834
1425.692
385.918
123.188
300.497
293.180
262.432
361.142
517.861
295.599
1409.623
9.214
1913.333
836.582
1645.845
683.088
96.778
296.513
1655.070
291.336
261.749
106.901
103.114
230.295
441.770
824.710
951.902
470.802
202.430
125.242
395.865
1203.394
991.919
262.635
508.177
618.013
36.805
305.906
324.754
20.017
604.473
84.950
114.053
506.883
662.398
324.990
146.073
1939.343
99.539
184.600
50.158
588.690
388.841
2394.269
244.249
31.479
1185.586
77.094
844.694
578.361
61.206
69.301
1279.032
175.003
209.628
183.925
585.142
173.184
167.732
65.937
49.738
1264.440
1285.230
541.223
976.637
118.985
885.018
844.879
51.995
386.024
380.298
672.698
1267.454
211.327
29.254
622.756
1064.983
28.899
2312.284
299.695
18.354
401.529
184.451
284.780
556.070
282.127
567.556
582.048
347.067
517.598
233.401
195.861
644.216
1805.985
72.454
411.935
32.849
231.223
797.403
455.618
444.578
194.539
296.599
452.071
313.875
993.727
398.131
190.245
240.188
3.813
1220.118
991.717
290.827
5.830
446.959
175.317
283.763
553.820
284.013
768.546
168.256
98.469
223.050
1170.745
2266.959
510.087
1031.473
2214.811
25.394
287.689
1255.768
416.673
89.470
188.221
157.829
128.492
1030.999
129.423
2107.908
173.160
1792.485
252.407
142.318
50.131
67.811
406.048
212.243
71.151
365.415
258.140
89.246
74.916
1076.234
47.352
38.759
662.256
1124.597
594.818
606.505
1060.386
1598.375
456.588
691.101
330.097
29.386
429.165
2265.990
1164.601
113.841
404.480
649.724
332.486
25.931
892.574
378.110
1385.134
25.486
1369.550
594.782
341.798
162.420
1271.612
185.550
465.892
1266.771
1571.143
284.554
630.853
444.892
252.706
14.744
733.424
582.103
225.519
242.453
149.852
961.480
53.652
2052.725
909.352
152.966
610.044
828.312
195.094
861.522
87.390
370.091
575.631
187.884
283.163
294.111
87.750
47.706
128.678
1256.632
561.552
344.167
452.845
877.552
1386.039
280.291
56.881
637.659
387.851
147.556
867.332
536.367
374.025
575.000
1709.271
240.359
66.737
377.001
940.641
347.781
194.396
165.762
35.908
10.455
1046.505
246.062
183.439
386.979
1540.529
321.629
281.533
616.378
19.941
664.513
1111.260
642.956
138.521
60.263
295.628
614.654
264.682
18.991
463.419
1361.541
87.341
752.858
831.921
134.549
775.187
156.741
499.570
17.948
692.015
539.012
27.839
148.728
320.487
906.831
1355.157
897.898
159.361
576.012
191.536
88.297
176.854
195.854
430.572
168.399
27.671
540.062
252.715
435.219
1335.182
535.547
377.412
144.548
952.212
